0
1
2
3
4
14
36
50
49
228
0
5
6
7
8
9
16
12
97
51
52
229
53
230
54
0
10
13
11
15
119
120
121
125
122
123
126
113
127
128
114
115
116
117
118
0
42
43
46
48
47
45
44
101
93
94
95
99
92
0
38
39
111
110
0
17
98
18
19
21
20
22
23
37
102
0
24
25
30
31
150
174
124
0
32
33
34
35
40
41
96
100
103
104
105
106
112
107
108
109
164
169
0
60
61
62
63
64
65
145
146
147
148
143
69
66
144
138
91
90
129
130
131
135
136
137
139
140
132
142
141
0
0
70
71
72
73
74
133
134
80
81
82
0
83
84
85
88
0
75
76
77
79
0
67
68
78
156
157
162
163
160
161
158
159
0
26
27
28
29
55
56
57
58
59
152
153
154
89
151
155
0
175
176
177
178
180
179
181
182
0
183
86
87
0
227
165
166
167
168
170
171
172
173
149
0
184
185
186
187
188
190
189
191
193
192
194
196
195
197
198
200
201
199
203
205
202
204
206
209
208
211
210
207
213
212
216
214
217
215
219
218
221
220
222
223
224
225
226
231
232
233
234
235
236
237
238
239
240
241
242
243
244
245
246
247
248
249
250
251
252
253
254
255
