0
100
80
120
91
100
111
80
133
144
102
87
122
111
100
100
90
67
73
78
78
56
67
60
33
67
0
0
0
0
44
22
18
22
27
33
18
89
89
102
22
22
18
20
18
18
18
13
13
22
13
9
9
11
11
0
0
0
0
0
0
0
0
0
0
0
0
0
0
0
0
0
0
0
0
0
0
0
0
0
0
0
0
0
0
0
0
0
0
0
0
0
18
20
11
16
29
71
18
18
9
71
27
20
16
18
16
16
16
16
96
102
16
91
104
100
102
144
133
93
98
138
89
96
156
100
99
91
95
0
0
0
0
0
0
0
0
0
0
0
0
0
0
0
0
0
0
0
0
0
44
0
0
0
0
0
0
0
0
0
89
111
0
0
33
0
0
0
0
13
0
0
0
0
223
0
0
0
11
11
11
11
0
0
0
0
0
0
0
0
0
0
0
0
0
0
0
0
0
0
0
0
0
0
0
0
0
0
0
0
0
0
0
0
0
0
0
0
0
0
0
0
0
0
0
0
0
0
11
9
11
0
